88
3300000868-JGI12330J12834-1000008-299010-8/1-563                         0.0000000 2.4873339 2.3410623 2.4932265 2.3339621 1.8354598 2.2333858 2.4766403 2.2925052 2.3952580 2.4814938 2.2645661 2.6908773 2.4815976 2.3791456 2.7405021 2.1129309 2.7987028 2.7773868 2.7843424 2.4124631 2.1462809 3.0353314 2.6769326 2.4130182 2.4441972 2.2491497 2.1279794 2.3392906 1.7762598 2.6195748 1.9848462 1.9907462 2.2712520 2.3155113 2.2988279 2.3050093 2.5435247 2.7410028 2.4967061 2.3830781 2.5767337 2.1966673 2.5233405 2.0858063 2.0155423 2.5930525 2.2116764 2.2093254 2.5897975 2.2562423 1.9739882 2.8366187 2.7544203 2.1417886 2.3711183 2.5432296 2.5998603 2.1697112 1.2356309 1.2713997 1.3257850 0.6312859 0.6879896 2.0753462 1.2341492 1.3696893 1.3696893 1.2242063 1.9989451 1.9495640 2.1008725 2.0200806 2.6204253 2.3077805 2.0374718 2.3320650 2.2834971 2.5217763 2.5575853 3.1022896 2.9047990 3.1091073 2.9164312 2.8716113 3.2968783 1.1943671 1.2950886 
3300014206-Ga0172377-10000119-870930-129/1-525                           2.4873339 0.0000000 1.4936760 0.3067886 1.3770337 2.2547228 2.2732322 2.6109237 2.7432896 2.7149837 3.0080626 2.7101589 2.6683452 2.4913769 2.6863514 2.6689450 2.3747639 2.5868597 2.3622813 2.5479964 2.1757506 2.0971870 2.5726090 2.9195612 2.3979229 2.2768566 2.5036903 2.5005304 2.6352840 2.1036924 2.6715941 1.8607277 2.2863824 2.4138657 2.5501461 2.3374655 2.4713488 2.4627149 2.4645104 2.2313751 2.7591826 2.6671530 2.6183338 2.6450601 2.4333986 2.6048607 2.2731939 2.4202820 2.1230853 2.6293516 2.3904691 2.6834258 2.7318943 2.6953639 2.0542019 2.2647463 2.4863904 2.4712673 2.2304631 2.2715102 2.5405464 2.5780769 2.6654087 2.5688929 2.3372606 2.6537881 2.3528400 2.3528400 2.6178504 2.4390868 2.7149132 2.7653368 2.2234318 2.2399670 1.9320044 2.5197976 2.8610971 2.3803342 2.9603638 2.7750154 2.8117377 2.5685088 3.0125016 2.8253235 2.7081092 3.1639474 2.5581675 2.5561515 
3300014208-Ga0172379-10000243-871512-158/1-523                           2.3410623 1.4936760 0.0000000 1.4457980 1.4771906 2.0977883 2.2469884 2.3623912 2.6202139 2.5564448 2.6853148 2.3170107 2.5493466 2.5956603 2.4372581 2.1452946 2.0321798 2.5906166 1.9659535 2.6889410 2.1585406 2.2172857 2.5169104 3.0417337 2.4112757 2.1271792 2.2645344 2.5483257 2.2788313 1.9901752 2.3022685 1.7502784 2.2409628 2.1805402 2.1720396 2.1089061 2.4096861 2.6916413 2.0303801 2.2400139 2.5443948 2.3065959 2.4898821 2.1881095 2.1268116 2.7396795 2.7379590 2.2552879 1.9910457 2.5022120 2.1356000 2.2346391 2.5254572 2.2497513 1.8165384 1.9499189 2.7013918 2.3534851 2.0883753 2.4277159 2.3631564 2.4221227 2.3773973 2.3499755 2.2149209 2.4198281 2.1189180 2.1189180 2.4508804 2.8843060 2.7846039 2.7812715 2.0700112 2.3479385 1.9105745 2.1058630 2.6055109 2.5370806 2.5697729 2.8866178 2.6239280 2.5059416 2.9785454 2.8471679 2.8506164 2.8710910 2.4010666 2.5400049 
3300014208-Ga0172379-10001592-871560-40/1-520                            2.4932265 0.3067886 1.4457980 0.0000000 1.4549429 2.3300284 2.1791217 2.5934691 2.6321595 2.6515944 2.7547754 2.4731510 2.4287886 2.3211397 2.4240725 2.4798668 2.3005543 2.4594677 2.1792069 2.4539455 2.0689893 2.1710440 2.5637516 2.8270193 2.3795639 2.1977352 2.4736086 2.5013150 2.6554186 2.1961183 2.7248133 1.7474612 2.2039303 2.4107234 2.4535072 2.4614117 2.3020537 2.4282830 2.2616756 2.2783705 2.5027267 2.4927036 2.7244606 2.5702398 2.2950073 2.5461461 2.2562163 2.3458535 2.1560703 2.5956906 2.2687158 2.3661287 2.6644318 2.6969617 2.1438675 2.2596050 2.3750991 2.4397240 2.1126833 2.3041691 2.4379859 2.4272661 2.5597485 2.5909346 2.2569708 2.5121980 2.2966772 2.2966772 2.4302643 2.3007515 2.6312898 2.6454261 2.3449722 2.3753909 1.9333725 2.4640234 2.7226723 2.4426730 2.7707684 2.6777511 2.9887202 2.5862527 3.0179556 2.7759798 2.6308506 3.1109568 2.5487286 2.4673396 
3300014613-Ga0180008-1001212-875221-12/1-496                             2.3339621 1.3770337 1.4771906 1.4549429 0.0000000 2.0435205 2.4708505 2.8010824 2.2808150 2.9351788 2.6758364 2.6623125 2.6855557 2.5628643 2.4821568 2.4467147 2.2382947 2.6225632 2.1293384 2.6234325 2.3269127 2.0583661 2.4655027 2.8614767 2.6713067 2.4384081 2.2968866 2.6286322 2.5648403 2.0217757 2.6788533 1.9977761 2.1932264 2.3359890 2.3761698 2.1284044 2.3512565 2.8593042 2.0707660 2.3227357 2.3912681 2.3743900 2.4977830 2.7392102 2.3846515 2.6906290 2.4293791 2.1861778 2.1377219 2.5839883 2.7609989 2.4368426 2.6490303 2.8048342 2.1714017 2.2692348 2.5069998 2.5036634 2.2650535 2.2991711 2.3146941 2.5156639 2.4044071 2.3482120 2.3360937 2.4122370 2.4540184 2.4540184 2.2783332 2.6008514 2.9378191 2.6253406 2.2654952 2.4749874 1.9085224 2.5929430 3.2390323 2.4317011 2.5592598 3.2557124 2.7188126 2.5200838 2.9751826 2.9880806 3.3176447 2.9940365 2.4590832 2.5416932 
AntAceMinimDraft_10_1070366.scaffolds.fasta_scaffold00069_38/1-539       1.8354598 2.2547228 2.0977883 2.3300284 2.0435205 0.0000000 2.1203497 2.5291552 2.6275206 2.3353395 2.0541792 2.3325253 2.5665813 2.5641149 1.6147833 2.3883257 2.0105243 2.5253049 2.5449344 2.3990846 2.0084828 2.2044470 2.3520273 2.5319697 2.4651977 2.1674277 2.4265496 1.8931502 2.0972969 0.3189579 2.1339020 2.1375882 2.1511711 2.0084477 2.1306585 2.1294459 2.1160784 2.5980132 2.8138930 2.0526892 2.3886883 2.3017481 2.1756996 2.1184452 2.2474197 2.0864040 2.2598821 2.3036070 2.1360496 2.3411717 1.8847904 1.8030731 2.5276994 2.5238952 2.1145599 2.2099865 2.2270898 2.3205507 2.1025491 1.7852989 1.8434281 1.8737802 1.7330898 1.7436636 2.1318645 1.8500060 1.6929321 1.6929321 1.9301362 2.1670812 2.0956417 2.1466589 2.1349583 2.1857343 2.0707731 2.3110964 2.2492554 2.5604174 2.2403139 2.5045799 2.9195716 2.6720086 3.0846907 2.6143008 2.9045897 3.2289342 1.6955947 1.8412474 
AntAceMinimDraft_10_1070366.scaffolds.fasta_scaffold00511_6/1-529        2.2333858 2.2732322 2.2469884 2.1791217 2.4708505 2.1203497 0.0000000 2.5369091 2.4609213 2.6520726 2.6456899 1.4205254 2.8339167 2.5556618 2.1403741 1.5325021 1.7157031 2.4050695 2.6083470 2.5162602 1.5302406 2.2809276 2.8210115 2.7980711 2.7743808 1.6385197 2.4671311 2.2923227 1.3303607 2.0208950 1.4166089 2.0005363 1.4995395 1.5004280 2.6655902 2.1794799 1.5023517 2.8874752 2.7084806 1.6606526 2.4646854 1.6426705 1.7263378 0.6685442 2.0560268 2.5606274 2.2651357 1.9408091 1.9435964 2.8512945 1.9008691 2.3304880 1.9904136 1.9948429 1.9017614 2.1145197 2.5980450 2.2642517 2.0170289 2.2757811 2.4270742 2.5329715 2.1933895 2.1954356 2.5258229 2.3853942 2.1635587 2.1635587 2.1102134 2.7007140 2.4305364 2.5448450 1.9739598 2.2750561 1.9433400 2.4901144 2.5239136 2.6396047 2.4323672 2.5502073 2.8997289 3.0370481 3.2681404 3.3430024 3.0529147 3.2010826 2.2690611 2.0302757 
AntAceMinimDraft_10_1070366.scaffolds.fasta_scaffold03294_14/1-526       2.4766403 2.6109237 2.3623912 2.5934691 2.8010824 2.5291552 2.5369091 0.0000000 1.8499706 0.9581089 2.2395669 2.3981784 2.2437096 1.0975184 2.6237927 2.6524222 2.6440648 1.9799110 2.4885626 1.9882083 2.5757717 2.0343975 1.7637103 2.0594592 1.8362669 2.4951846 2.2922808 2.3531584 2.2987920 2.4684940 2.2627421 2.2416755 2.5207225 2.5460210 1.5239701 2.4719961 2.3992707 1.8364758 2.6242348 2.5490338 1.7276926 2.3987781 2.9051807 2.5008216 2.5429431 2.7680077 1.9952193 2.2924303 2.7099083 1.8795508 2.4995971 2.8034405 2.6721139 3.1351210 2.4161600 2.6003984 2.2272120 2.2580635 2.3681694 2.3511448 2.7715292 2.7762530 2.4230916 2.6831626 2.8493270 2.5935850 2.6298343 2.6298343 2.4107804 2.8349300 2.6066191 2.6779874 2.3155510 2.5626272 2.3467986 2.5915112 2.6520426 1.9981428 2.4947559 2.6664588 3.0036549 3.3428914 3.1113814 2.8899434 3.3578457 3.0625189 2.4274171 2.7175176 
AntAceMinimDraft_10_1070366.scaffolds.fasta_scaffold06212_4/1-525        2.2925052 2.7432896 2.6202139 2.6321595 2.2808150 2.6275206 2.4609213 1.8499706 0.0000000 2.0338984 1.6520063 2.3655906 1.7765831 1.9571868 2.7879090 2.6228739 2.2184976 1.6254281 2.6583154 1.9286476 2.3421360 2.3202723 1.6658500 2.0768492 1.6649088 2.5433846 2.3715161 2.5784344 2.4170335 2.4816756 2.4846831 2.5836315 2.4677503 2.2703562 1.6477823 2.3765192 2.4545311 1.7576119 2.6559681 2.3682632 1.2246004 2.3257529 2.6750243 2.4858964 2.7420341 2.4806530 1.7456611 2.6208132 2.3107860 1.5792721 2.5534012 2.9637603 2.3867896 2.8184290 2.4250287 2.1662310 1.5190805 2.3007274 2.2153203 2.5134215 2.2939116 2.3318539 2.4110182 2.5890354 2.7243823 2.2508736 2.3591825 2.3591825 2.2043641 2.7779718 2.8694854 2.4420579 2.1271313 2.6967195 2.3380439 2.6636326 2.7047823 1.5176249 2.3683024 2.9178157 3.0458375 2.8212414 3.3744212 3.3870389 2.8237427 3.2692592 2.4679324 2.6156564 
AntAceMinimDraft_10_1070366.scaffolds.fasta_scaffold12674_2/1-529        2.3952580 2.7149837 2.5564448 2.6515944 2.9351788 2.3353395 2.6520726 0.9581089 2.0338984 0.0000000 2.1122088 2.5035489 2.1636354 1.0841049 2.5590968 2.5217495 2.7750748 2.1675101 2.8542426 1.9887333 2.5695358 2.1675252 2.1701006 2.1917077 1.8922266 2.3187767 2.7049947 2.4246227 2.7046527 2.5714586 2.6371069 2.2788237 2.6056338 2.7076233 1.8114691 2.4748244 2.5364232 2.1822108 2.9911197 2.6830833 2.0184249 2.4890029 2.7608990 2.7040495 2.5482966 2.8256286 2.1603016 2.4245044 2.3168726 2.1889414 2.5390206 3.0248218 2.8995435 3.1090674 2.5659361 2.6672349 2.2550541 2.3785072 2.6585850 2.2911629 2.6718729 2.4867413 2.5347064 2.6845097 2.6535514 2.5885909 2.7115430 2.7115430 2.5758148 2.8926246 2.9356026 2.9164566 2.4585324 2.6110581 2.5424218 2.7255199 2.7564269 2.1730622 2.3998879 2.8577115 2.8161579 3.0173189 2.8842370 2.9038324 3.1667569 2.8401941 2.3817880 2.4577874 
AntAceMinimDraft_10_1070366.scaffolds.fasta_scaffold19757_2/1-517        2.4814938 3.0080626 2.6853148 2.7547754 2.6758364 2.0541792 2.6456899 2.2395669 1.6520063 2.1122088 0.0000000 2.6207590 1.5720286 2.2640751 2.5613097 3.0138966 2.4156586 1.0365597 2.3178068 2.4009175 2.8496695 2.2762553 1.6598252 2.3801861 1.9158690 2.8499220 2.6958768 2.5472862 2.5896236 1.8944538 2.6457519 2.4393683 2.4624907 2.7461251 1.6595282 2.7504222 2.6533616 2.0113686 2.7680385 2.5899547 1.8374044 2.6972308 2.8389759 2.6101662 2.8567121 2.5877285 2.1170197 2.7466230 2.5167259 2.1459054 2.5875040 2.6402853 2.5257250 3.1143377 2.4645842 2.6624992 1.0433747 2.5916006 2.6449068 2.2682456 2.3566248 2.4149568 2.4147706 2.5592736 2.4567421 2.4499923 2.6162562 2.6162562 2.5074143 2.6930494 2.5569749 2.4395014 2.4941467 2.7020680 2.3963213 2.6482801 2.8150989 1.8910185 2.6796603 2.8282187 2.8359852 2.6372025 3.0691777 2.6777177 2.8159281 3.0593765 2.5860496 2.5542286 
AntAceMinimDraft_10_1070366.scaffolds.fasta_scaffold24857_2/1-480        2.2645661 2.7101589 2.3170107 2.4731510 2.6623125 2.3325253 1.4205254 2.3981784 2.3655906 2.5035489 2.6207590 0.0000000 2.4904041 2.6565205 2.2594517 1.2362170 1.5730110 2.4546385 2.4610256 2.5017936 1.4618641 2.0904176 2.7025544 2.5650567 2.3854307 1.5677452 2.2294415 2.1901217 1.3177925 2.2815494 1.1731471 2.1701933 1.4730764 1.4353449 2.6096040 2.3929050 1.4478361 2.5692406 2.5418930 1.4477201 2.3574506 1.5231739 1.7658579 1.4146758 2.1367490 2.3910113 2.5908549 1.8833860 1.9264643 2.5901198 1.8900698 2.2008572 1.8725261 1.9871664 1.8678612 1.9319593 2.3595093 2.1234863 2.1051713 2.3811190 2.4110600 2.4677431 2.0886502 2.2507131 2.6063346 2.4336030 2.3819670 2.3819670 2.2160748 2.6183752 2.2623270 2.4942210 2.0545288 2.4343241 1.9907010 2.4087944 2.3776603 2.3729795 2.1280144 2.4944440 2.8102651 2.7957184 3.1825225 2.9868554 2.9908712 3.2947507 2.4383091 2.3194186 
AntAceMinimDraft_14_1070370.scaffolds.fasta_scaffold00694_11/1-514       2.6908773 2.6683452 2.5493466 2.4287886 2.6855557 2.5665813 2.8339167 2.2437096 1.7765831 2.1636354 1.5720286 2.4904041 0.0000000 2.0355361 2.8766168 2.8052806 2.4384006 1.3892165 2.6833174 2.2347672 2.4909622 2.7355671 2.0399025 2.2625854 1.7138422 2.8013118 2.8816616 2.3426094 2.5940359 2.6698366 2.5628849 2.1271637 2.5169354 2.7345493 1.8417322 2.7917827 2.8661941 1.8902904 2.8848502 2.5973865 1.9436219 2.8661316 3.0767314 2.5681573 2.6266018 2.6806976 1.9105267 2.7720275 2.4697522 1.7617047 2.4186782 2.8939531 2.6116907 3.1468285 2.3051779 2.3832968 1.4330213 2.6645982 2.5681579 2.6142002 2.8601654 2.9138908 2.7311523 2.6133147 2.6563113 2.9435534 2.9808098 2.9808098 2.8945408 2.7572544 2.7721497 2.6482463 2.3591817 2.5767496 2.3161940 2.7751155 2.8616007 1.7837630 2.6530333 2.8089010 2.7408494 2.9567061 3.4053073 3.0988119 3.2585604 3.2861542 2.6938409 2.5998566 
AntAceMinimDraft_14_1070370.scaffolds.fasta_scaffold61386_1/1-421        2.4815976 2.4913769 2.5956603 2.3211397 2.5628643 2.5641149 2.5556618 1.0975184 1.9571868 1.0841049 2.2640751 2.6565205 2.0355361 0.0000000 2.6332491 3.0194401 2.8886016 2.2129449 2.6539406 1.7234740 2.5931239 2.5967711 2.0930512 2.1591037 1.9604987 2.3214768 2.5882123 2.6602163 2.6344822 2.8635715 2.6637114 2.2950749 2.8486820 2.4606424 1.8086997 2.5480130 2.5677313 2.1056632 2.6586409 2.8196199 1.8751878 2.8506525 3.0388678 2.5612757 2.7854877 2.5206331 2.0176271 2.7604329 2.4477466 2.1154981 2.5230954 3.3424084 2.8308150 2.9795106 2.5621726 2.4216681 1.9270143 2.6280606 2.5662778 2.4152166 2.3519950 2.3499089 2.6445769 2.5983428 2.9247095 2.4326350 2.4052469 2.4052469 2.3615157 2.7263763 2.7603298 3.1172217 2.3727262 2.7105787 2.3533634 2.7091882 2.6775688 2.0827201 2.6711721 2.6909740 3.2746279 3.1276776 3.3760962 3.0920356 3.4971406 3.7221249 2.2863165 2.5118797 
AntAceMinimDraft_18_1070375.scaffolds.fasta_scaffold00713_2/1-561        2.3791456 2.6863514 2.4372581 2.4240725 2.4821568 1.6147833 2.1403741 2.6237927 2.7879090 2.5590968 2.5613097 2.2594517 2.8766168 2.6332491 0.0000000 2.3637793 2.2821548 2.6683420 2.3153394 2.7042086 2.0309947 2.1671243 2.5163285 2.8764422 2.6272700 2.1909662 2.2774936 1.8921899 2.3294221 1.5337865 2.3314642 2.0398256 2.0696618 2.0687814 2.3990494 2.3627263 1.9342076 2.6575391 2.6403207 2.3054132 2.6688218 2.5110816 2.1040730 2.2847732 2.4502952 2.3819458 2.4077469 2.2114522 2.0504663 2.6775851 2.2550234 1.9460174 2.4835904 2.5271597 2.1088226 2.3336143 2.4488609 2.7691217 2.4891844 2.0453296 2.4549114 2.2672952 2.1532556 2.1419103 2.3561673 2.1598799 2.3672938 2.3672938 2.1912099 2.4827984 2.1061062 2.4020402 2.1270151 2.3619880 2.1788802 2.4252583 2.3483698 2.7782772 2.7223358 2.5593309 3.0966575 3.0477040 3.2549152 2.9338315 3.0411524 3.3169386 1.9588863 2.0770491 
AntAceMinimDraft_18_1070375.scaffolds.fasta_scaffold01114_5/1-522        2.7405021 2.6689450 2.1452946 2.4798668 2.4467147 2.3883257 1.5325021 2.6524222 2.6228739 2.5217495 3.0138966 1.2362170 2.8052806 3.0194401 2.3637793 0.0000000 1.6796598 2.5055204 2.6625866 2.8616562 1.3825183 2.6045400 2.9703326 2.9087180 2.5927535 1.6421876 2.8971288 2.4394178 1.6074116 2.4098419 1.6143782 2.3280186 1.5678277 1.4082229 2.8675062 2.5246140 1.4591297 2.5897575 2.7024177 1.4784268 2.6085160 1.6427463 1.9484009 1.4513922 2.7089431 2.5404550 2.4687242 2.1929950 1.9610739 2.9727969 2.0859609 2.5829155 2.0738239 1.9784121 1.8611312 2.0746566 2.8030712 2.3513549 1.9812872 2.4635175 2.5166333 2.5802701 2.4859265 2.4830041 2.2592955 2.4565357 2.3779647 2.3779647 2.2369057 2.6409549 2.6132179 2.5931592 2.1178812 2.4492492 2.1150155 3.0410934 2.6175399 3.0624488 2.6398181 2.6935194 2.8008636 3.2810653 3.3428253 3.2348687 3.0984348 3.9159749 2.4679186 2.4155450 
AntAceMinimDraft_18_1070375.scaffolds.fasta_scaffold02562_2/1-488        2.1129309 2.3747639 2.0321798 2.3005543 2.2382947 2.0105243 1.7157031 2.6440648 2.2184976 2.7750748 2.4156586 1.5730110 2.4384006 2.8886016 2.2821548 1.6796598 0.0000000 2.3860834 2.6872247 2.5876892 1.3344884 2.1991837 2.6326369 2.5336180 2.2801121 1.8163263 2.5331293 2.2112399 1.5650240 1.8747156 1.4869719 1.9554057 1.5893264 1.3892751 2.6521878 2.1287894 1.4843262 2.4255092 2.7962388 1.2856501 2.3368597 1.7515531 1.9037008 1.6789960 2.1214493 2.2080660 2.5097962 2.3278809 1.8919327 2.5654545 1.9216966 2.3816845 1.8164863 1.9292192 2.0213827 2.0977848 2.6327916 2.4623531 2.1179533 2.2946571 2.2512275 2.4738794 2.2330149 2.3575590 2.1210270 2.3187738 2.3168953 2.3168953 2.2949264 2.2605378 2.6055170 2.5472316 1.9771859 2.1250502 2.2159501 2.6996901 2.7916516 2.4899005 2.6208889 2.8358660 2.6046493 3.1159270 2.9856444 3.2602581 2.8974060 3.3820397 2.3341340 2.1579415 
AntAceMinimDraft_18_1070375.scaffolds.fasta_scaffold02754_4/1-483        2.7987028 2.5868597 2.5906166 2.4594677 2.6225632 2.5253049 2.4050695 1.9799110 1.6254281 2.1675101 1.0365597 2.4546385 1.3892165 2.2129449 2.6683420 2.5055204 2.3860834 0.0000000 2.3674604 2.2792936 2.5313828 2.0761273 1.9208386 2.2232609 1.7727388 2.7394440 2.7235613 2.3247592 2.5398686 2.4361983 2.3595165 2.1121225 2.2445456 2.4248514 1.6446338 2.3273013 2.4615244 1.9045319 2.6080831 2.4980492 1.6520540 2.5442681 2.8816037 2.6817644 2.4303956 2.5420827 1.9016857 2.5562282 2.5056554 2.1118845 2.6351187 2.4730195 2.2904201 3.0452183 2.4832147 2.3129757 1.0323232 2.5694845 2.5562031 2.5207232 2.4889968 2.3801346 2.5942092 2.8353271 2.8452961 2.5204654 2.5737811 2.5737811 2.4841659 2.6072195 2.5860281 2.5071300 2.7011559 2.3963445 2.2348418 2.5154311 2.7748872 1.8669632 2.4793176 2.6615834 2.6172104 2.5934734 2.9992243 2.6988582 2.9714778 3.1233495 2.7306500 2.6494657 
AntAceMinimDraft_18_1070375.scaffolds.fasta_scaffold06785_2/1-544        2.7773868 2.3622813 1.9659535 2.1792069 2.1293384 2.5449344 2.6083470 2.4885626 2.6583154 2.8542426 2.3178068 2.4610256 2.6833174 2.6539406 2.3153394 2.6625866 2.6872247 2.3674604 0.0000000 2.6984908 2.4896168 1.7853515 2.4791357 2.7910863 2.3814601 2.4119985 1.7645983 2.4223751 2.6887509 2.2270189 2.5517521 2.0826954 2.4279003 2.4696784 2.3536288 2.6563379 2.6023560 2.4678427 0.4213122 2.4997029 2.4896036 2.7268823 2.4184725 2.5431827 2.6849194 2.6623940 2.4608491 2.4030417 2.2515743 2.6961833 2.2656681 2.4099471 2.4856015 2.7092383 2.3354833 2.0396332 2.5018029 2.2665758 2.3532794 2.6711727 2.4515362 2.6159574 2.4967147 2.6584762 2.5623038 2.4877782 2.4789013 2.4789013 2.3730491 2.6021100 2.3184400 2.3789105 2.3284545 2.4203620 1.8943990 2.5462058 2.9348610 2.4789465 2.5192930 2.9908330 2.9720033 3.0618765 2.9830414 2.7588432 2.9438464 3.0320399 2.6398819 2.8944211 
AntAceMinimDraft_18_1070375.scaffolds.fasta_scaffold06919_8/1-515        2.7843424 2.5479964 2.6889410 2.4539455 2.6234325 2.3990846 2.5162602 1.9882083 1.9286476 1.9887333 2.4009175 2.5017936 2.2347672 1.7234740 2.7042086 2.8616562 2.5876892 2.2792936 2.6984908 0.0000000 2.5054996 2.4755857 2.2915304 0.8165273 1.9001330 2.4445726 2.7569351 2.5222695 2.7307377 2.6150731 2.7016238 2.3100999 2.7782709 2.6622049 1.9218865 2.4205812 2.7020381 2.0271666 2.6535531 2.6177667 2.0429612 2.7013867 2.7261809 2.6655498 2.4978920 2.7366670 1.9502669 2.3647481 2.5235050 2.2394348 2.8005605 3.0864655 2.6132079 2.7194158 2.4165864 2.3853980 2.1581066 2.5488120 2.2667114 2.8704370 2.8427502 2.8535392 2.9667026 3.0755472 3.1346319 2.7419529 2.8017973 2.8017973 3.1063828 2.9101598 3.1001367 3.0055837 2.4786232 2.6894793 2.1615649 3.0362749 2.7564962 2.3778766 2.6724812 2.7724260 2.9482169 3.3142239 3.5316634 3.4205268 3.3919886 3.7285883 2.8357082 2.8050226 
AntAceMinimDraft_18_1070375.scaffolds.fasta_scaffold11370_2/1-470        2.4124631 2.1757506 2.1585406 2.0689893 2.3269127 2.0084828 1.5302406 2.5757717 2.3421360 2.5695358 2.8496695 1.4618641 2.4909622 2.5931239 2.0309947 1.3825183 1.3344884 2.5313828 2.4896168 2.5054996 0.0000000 2.6054126 2.8554667 2.7191148 2.5814344 1.7103920 2.5268586 2.2204857 1.2842151 2.0403409 1.2628321 2.1375800 0.8587040 0.7036710 2.7685708 2.0989996 0.8854908 2.4350613 2.5671994 0.7883893 2.4819533 1.1132153 1.9579817 1.4698732 2.3151284 2.3520563 2.2744214 2.0867162 1.8347976 2.6581922 1.9799381 2.4321505 1.8974187 1.8925083 1.9154675 1.8625473 2.5685631 2.3491440 2.1967322 2.3475608 2.3609966 2.5737979 2.2325891 2.3269375 2.3585845 2.2603512 2.0140465 2.0140465 2.2973648 2.4549236 2.6287363 2.5909880 2.2102043 1.9270648 1.9873457 2.5391692 2.3712109 2.4256580 2.5067125 2.5306215 2.8896368 3.2133480 2.8817235 3.3412394 3.0343545 3.4580162 2.3199045 2.2549774 
AntAceMinimDraft_18_1070375.scaffolds.fasta_scaffold134102_1/1-350       2.1462809 2.0971870 2.2172857 2.1710440 2.0583661 2.2044470 2.2809276 2.0343975 2.3202723 2.1675252 2.2762553 2.0904176 2.7355671 2.5967711 2.1671243 2.6045400 2.1991837 2.0761273 1.7853515 2.4755857 2.6054126 0.0000000 2.3400761 2.4178189 2.1429247 2.2567644 1.4773520 2.1228839 2.3055748 2.1450555 2.3695800 1.7945876 2.6427966 2.7608343 2.0831319 2.3466277 2.6211901 2.2482727 1.9372231 2.7024516 2.2512945 2.5849194 2.6202735 2.3192712 2.6005572 2.0540944 2.1811460 2.2430021 1.9487550 2.3170325 2.1003647 2.1873373 2.3153274 2.7091494 2.0367162 2.0630573 2.1825034 2.3084895 2.3144444 2.1136758 2.0825317 2.1240274 2.1958185 2.2508016 2.1660731 2.1469697 2.0342426 2.0342426 2.0734780 2.1929534 2.2569232 2.2842172 1.9007263 2.5137466 1.9608108 2.7010016 2.3531773 2.6740847 2.6261214 2.4719688 2.6659875 2.6623878 3.3058522 2.7683478 2.7028768 3.0556094 2.1996571 2.1598832 
AntAceMinimDraft_18_1070375.scaffolds.fasta_scaffold13455_2/1-526        3.0353314 2.5726090 2.5169104 2.5637516 2.4655027 2.3520273 2.8210115 1.7637103 1.6658500 2.1701006 1.6598252 2.7025544 2.0399025 2.0930512 2.5163285 2.9703326 2.6326369 1.9208386 2.4791357 2.2915304 2.8554667 2.3400761 0.0000000 2.2859651 1.6189078 2.4366745 2.7717368 2.3989729 2.8727882 1.9643965 2.8691178 2.6109296 2.7390337 2.7115165 0.7475241 2.5595000 2.8901243 1.7251414 2.7446265 3.1476775 1.6049306 2.5555743 2.9822863 2.8472885 2.6489190 2.6660669 1.9249208 2.4413794 2.5972209 1.6438862 2.4355532 3.2233536 2.7344458 3.0578225 2.4268634 2.5441182 1.9019361 2.5920731 2.3314783 2.6607628 2.9393757 2.8959606 3.2389939 3.2926747 2.8931492 2.9092233 2.7163089 2.7163089 2.8585505 2.7093461 2.8754132 2.9186622 2.1444999 2.7062466 2.3231840 2.8864056 2.5632912 1.7820821 2.7976917 2.9061672 2.8486942 2.9025132 3.1626393 2.6747631 2.8107318 3.4442611 2.6698651 2.6772652 
AntAceMinimDraft_18_1070375.scaffolds.fasta_scaffold15402_2/1-524        2.6769326 2.9195612 3.0417337 2.8270193 2.8614767 2.5319697 2.7980711 2.0594592 2.0768492 2.1917077 2.3801861 2.5650567 2.2625854 2.1591037 2.8764422 2.9087180 2.5336180 2.2232609 2.7910863 0.8165273 2.7191148 2.4178189 2.2859651 0.0000000 2.0191875 2.9918509 2.5164566 2.7985319 2.9519309 2.8243025 2.8288913 2.4383406 2.6897108 2.6905671 2.1436069 2.6101416 2.7905056 2.1107105 2.9650591 2.7194926 2.1622384 2.9614035 2.8773016 3.1431698 2.5158129 2.6314215 2.1698410 2.5196788 2.5725224 2.3793764 2.7309318 3.1863393 2.7961688 2.8927056 2.5573971 2.6209055 2.0905803 2.6310970 2.5516634 2.5833515 2.6979694 2.7637644 2.8458714 3.0503024 2.9184611 2.4734859 2.7745386 2.7745386 2.8552897 2.8152228 2.9453969 2.8751334 2.6812467 3.0269720 2.4397269 3.3791807 2.8772803 2.2473582 2.5559246 2.8162595 3.1309118 3.4118691 3.6126559 3.3851280 3.3239478 3.8230680 2.8414593 2.8454450 
AntAceMinimDraft_18_1070375.scaffolds.fasta_scaffold20657_2/1-496        2.4130182 2.3979229 2.4112757 2.3795639 2.6713067 2.4651977 2.7743808 1.8362669 1.6649088 1.8922266 1.9158690 2.3854307 1.7138422 1.9604987 2.6272700 2.5927535 2.2801121 1.7727388 2.3814601 1.9001330 2.5814344 2.1429247 1.6189078 2.0191875 0.0000000 2.4014170 2.4341711 2.2762516 2.5781204 2.6960001 2.3242718 2.4305256 2.7887446 2.4970995 1.4663829 2.5600814 2.5716351 0.7845305 2.6028298 2.7084806 1.6172995 2.4533932 2.6222006 2.9250996 2.5876676 2.5655874 1.9694658 2.3461492 2.3831079 1.9765616 2.2762184 2.9275283 2.3268389 2.9644132 2.3247513 2.3746962 1.9710663 2.3138168 2.2745274 2.5185601 2.4374646 2.4566708 2.4019718 2.4049322 2.5758633 2.5058435 2.4636053 2.4636053 2.5178863 2.6288160 2.6127647 2.4797706 2.2973808 2.4042031 2.2986738 2.3811203 2.6440147 1.8503044 2.6041328 2.5594302 2.5268962 2.8388614 3.3682229 2.8628092 2.7267199 3.0386957 2.5952707 2.4899358 
AntAceMinimDraft_18_1070375.scaffolds.fasta_scaffold26691_1/1-542        2.4441972 2.2768566 2.1271792 2.1977352 2.4384081 2.1674277 1.6385197 2.4951846 2.5433846 2.3187767 2.8499220 1.5677452 2.8013118 2.3214768 2.1909662 1.6421876 1.8163263 2.7394440 2.4119985 2.4445726 1.7103920 2.2567644 2.4366745 2.9918509 2.4014170 0.0000000 2.2911407 2.2534202 1.6451559 2.2293628 1.6235088 1.9148930 1.7889732 1.8333928 2.5497934 2.3793241 1.7585627 2.5504511 2.4523635 1.8105946 2.4986484 1.7856129 1.6567369 1.4954583 2.1375041 2.2455105 2.5650951 2.0047533 2.1102294 2.5532197 2.1074455 2.5866224 1.8682488 1.8413490 1.8148483 2.0612450 2.6929529 2.4239696 1.9779527 2.2792996 2.4327454 2.6132839 2.2244236 2.3590745 2.5007043 2.3903144 2.2330039 2.2330039 2.3109520 2.3436457 2.3864048 2.3652754 1.8804405 2.4215831 2.1278686 2.6690790 2.6916631 2.5234919 2.2225128 2.4550697 2.8085834 2.9655626 3.1783001 3.0380718 3.1665383 3.4109421 2.2668943 2.4566710 
AntAceMinimDraft_18_1070375.scaffolds.fasta_scaffold29013_2/1-554        2.2491497 2.5036903 2.2645344 2.4736086 2.2968866 2.4265496 2.4671311 2.2922808 2.3715161 2.7049947 2.6958768 2.2294415 2.8816616 2.5882123 2.2774936 2.8971288 2.5331293 2.7235613 1.7645983 2.7569351 2.5268586 1.4773520 2.7717368 2.5164566 2.4341711 2.2911407 0.0000000 2.3840784 2.5151510 2.2758305 2.2410930 2.0425728 2.6096231 2.4025864 2.3346739 2.2951614 2.5070064 2.7254189 1.7964226 2.4118240 2.3633239 2.6104112 2.5551508 2.5383976 2.3045966 2.2936333 2.4885564 2.4233573 2.4281498 2.3553339 2.2687358 2.3622466 2.4420471 2.5989875 2.1241136 2.1913369 2.4740557 2.3099585 2.3519075 2.2540604 2.4456424 2.4990682 2.4842820 2.4789944 2.7039626 2.4297989 2.3088447 2.3088447 2.2864979 2.4011949 2.4934301 2.0808715 2.2392736 2.3330033 2.0294200 2.6360086 2.5453331 2.3785808 2.6148723 2.8755918 3.3159975 3.1762084 3.4339278 2.8844334 3.0937091 3.1198665 2.3037560 2.6584348 
AntAceMinimDraft_18_1070375.scaffolds.fasta_scaffold31711_5/1-484        2.1279794 2.5005304 2.5483257 2.5013150 2.6286322 1.8931502 2.2923227 2.3531584 2.5784344 2.4246227 2.5472862 2.1901217 2.3426094 2.6602163 1.8921899 2.4394178 2.2112399 2.3247592 2.4223751 2.5222695 2.2204857 2.1228839 2.3989729 2.7985319 2.2762516 2.2534202 2.3840784 0.0000000 2.4619820 1.9166160 2.5175274 1.7998117 2.3111993 2.2965424 2.2221738 2.6780915 2.1726156 2.5927693 2.7547501 2.3328818 2.3102484 2.2152952 2.1737523 2.4533439 2.7089541 2.2020214 2.3938862 2.6876235 2.5570792 2.5846565 2.2183385 2.0088673 2.3065274 2.4665706 2.3714836 2.2217449 2.1172443 2.4932890 2.3364703 2.0274885 2.2968080 2.3292277 2.3432012 2.2230511 2.1683241 2.3182624 2.1542219 2.1542219 2.1151621 2.2265251 2.1759141 2.2540539 2.1380322 2.5401707 1.8773695 2.4817613 2.4048899 2.5998030 2.5885986 2.7686891 3.0403078 2.6977305 3.3427415 3.0629691 2.8794693 2.8561561 2.0720611 2.1789814 
AntAceMinimDraft_18_1070375.scaffolds.fasta_scaffold36732_2/1-504        2.3392906 2.6352840 2.2788313 2.6554186 2.5648403 2.0972969 1.3303607 2.2987920 2.4170335 2.7046527 2.5896236 1.3177925 2.5940359 2.6344822 2.3294221 1.6074116 1.5650240 2.5398686 2.6887509 2.7307377 1.2842151 2.3055748 2.8727882 2.9519309 2.5781204 1.6451559 2.5151510 2.4619820 0.0000000 2.0742871 0.3865389 2.0063663 1.3205541 1.2181663 2.8096533 2.3347769 1.3619995 2.7024599 2.7233752 1.2850752 2.4036131 0.9934925 1.7108674 1.3329902 2.3691798 2.6118288 2.5278972 2.1710137 1.9777433 2.4439818 2.1465108 2.3631727 1.6342109 1.8843518 1.8226777 1.9416307 2.6221930 2.4955879 2.2731057 2.3347737 2.6093735 2.8572683 2.3728792 2.5147875 2.7957107 2.5910225 2.4165708 2.4165708 2.4599739 2.7756004 2.6901071 2.7840438 2.2091889 2.3517714 2.0039219 2.7944198 2.7472913 2.3975209 2.4678535 2.7856908 2.8162702 3.2674481 3.2380729 3.1795084 3.1722309 3.2923004 2.4507510 2.4547576 
AntAceMinimDraft_18_1070375.scaffolds.fasta_scaffold50355_1/1-333        1.7762598 2.1036924 1.9901752 2.1961183 2.0217757 0.3189579 2.0208950 2.4684940 2.4816756 2.5714586 1.8944538 2.2815494 2.6698366 2.8635715 1.5337865 2.4098419 1.8747156 2.4361983 2.2270189 2.6150731 2.0403409 2.1450555 1.9643965 2.8243025 2.6960001 2.2293628 2.2758305 1.9166160 2.0742871 0.0000000 2.1911290 2.3550615 2.1267575 1.9463645 2.1918885 2.2847104 1.9928142 2.7328679 2.5386994 1.9216319 2.3942914 2.0919700 1.9717028 1.9938547 2.2444506 2.2948475 2.3013875 2.3728547 1.9443733 2.2287248 1.9256421 1.7535596 2.3363338 2.5053462 1.8893359 2.2544591 2.0823213 2.2871783 1.9928325 1.5789247 1.7141093 1.8797255 1.7460680 1.8491670 2.0750299 1.9250454 1.8172382 1.8172382 1.9343556 2.2958733 2.2416646 2.2706387 2.0173241 2.4073837 2.0439446 2.1286287 2.4147528 2.4928725 2.3610530 2.7073751 2.5967881 2.5201649 2.9067493 2.6589894 3.1049586 3.4480173 1.6730052 1.9916751 
AntAceMinimDraft_18_1070375.scaffolds.fasta_scaffold55385_1/1-524        2.6195748 2.6715941 2.3022685 2.7248133 2.6788533 2.1339020 1.4166089 2.2627421 2.4846831 2.6371069 2.6457519 1.1731471 2.5628849 2.6637114 2.3314642 1.6143782 1.4869719 2.3595165 2.5517521 2.7016238 1.2628321 2.3695800 2.8691178 2.8288913 2.3242718 1.6235088 2.2410930 2.5175274 0.3865389 2.1911290 0.0000000 2.2140175 1.2503204 1.1350363 2.8057714 2.1661594 1.3327417 2.5879536 2.6792696 1.3573090 2.3926449 0.9719103 1.7364435 1.2868128 2.4191648 2.5577140 2.4489052 2.3074961 2.0657456 2.5830397 2.0774843 2.3522254 1.6429546 1.8705079 1.8573163 2.0322962 2.5723674 2.4426701 2.4037893 2.3882036 2.7327191 2.8440388 2.6180344 2.8129041 2.8677267 2.6509829 2.3354021 2.3354021 2.4639936 2.7104168 2.6899855 2.6853668 2.0826510 2.2855874 2.0526339 3.0270362 2.9906570 2.4643023 2.4191591 2.9023950 2.8001426 3.0707406 3.2651907 3.1756712 3.1997463 3.6070829 2.4150354 2.4628315 
AntAceMinimDraft_18_1070375.scaffolds.fasta_scaffold72169_1/1-385        1.9848462 1.8607277 1.7502784 1.7474612 1.9977761 2.1375882 2.0005363 2.2416755 2.5836315 2.2788237 2.4393683 2.1701933 2.1271637 2.2950749 2.0398256 2.3280186 1.9554057 2.1121225 2.0826954 2.3100999 2.1375800 1.7945876 2.6109296 2.4383406 2.4305256 1.9148930 2.0425728 1.7998117 2.0063663 2.3550615 2.2140175 0.0000000 2.0005832 2.0286193 2.2316473 2.2074578 1.9608880 2.3332194 2.0994563 2.0398253 2.2333787 2.3220441 2.2349199 2.0935810 2.1485774 2.5431686 2.1090916 1.9782773 1.8990441 2.3411575 1.9658797 2.0649288 2.0429354 2.2983645 1.6346568 2.0080138 2.2928742 2.1720003 1.9984083 2.0618528 2.0279855 2.0009015 1.7827576 2.0078192 2.0565259 2.0156567 2.1158394 2.1158394 1.9302451 2.3059161 2.0814989 2.0447067 1.8964491 1.8926744 1.7869465 2.2758094 2.3170213 2.0689227 2.2977725 2.2962028 2.3921923 2.7159080 2.9801347 2.9138350 2.8856320 3.0846930 1.9102077 2.1969699 
AntAceMinimDraft_18_1070375.scaffolds.fasta_scaffold82302_1/1-293        1.9907462 2.2863824 2.2409628 2.2039303 2.1932264 2.1511711 1.4995395 2.5207225 2.4677503 2.6056338 2.4624907 1.4730764 2.5169354 2.8486820 2.0696618 1.5678277 1.5893264 2.2445456 2.4279003 2.7782709 0.8587040 2.6427966 2.7390337 2.6897108 2.7887446 1.7889732 2.6096231 2.3111993 1.3205541 2.1267575 1.2503204 2.0005832 0.0000000 0.6259337 2.9481504 2.2274807 0.4652444 2.4003343 2.7057268 0.8503686 2.4567550 1.1877103 1.7803445 1.5867443 2.0602240 2.6555561 2.2744513 1.9451253 1.8922057 2.4030720 1.8660385 2.0470251 1.7412188 1.9227090 1.7722715 1.8092073 2.7186359 2.8826287 2.1976201 2.1992741 2.1277387 2.3283052 2.0918567 2.1112824 2.5448979 2.2598155 2.0834626 2.0834626 2.3015413 2.7881205 2.2515024 2.4504646 2.1019763 2.5077110 2.0409430 2.4814938 2.3549291 2.1154296 2.6233977 2.6596652 2.4758777 3.6353815 2.9944380 2.7070340 2.8575328 3.3177432 2.2198342 2.1146562 
AntAceMinimDraft_4_1070372.scaffolds.fasta_scaffold00557_40/1-483        2.2712520 2.4138657 2.1805402 2.4107234 2.3359890 2.0084477 1.5004280 2.5460210 2.2703562 2.7076233 2.7461251 1.4353449 2.7345493 2.4606424 2.0687814 1.4082229 1.3892751 2.4248514 2.4696784 2.6622049 0.7036710 2.7608343 2.7115165 2.6905671 2.4970995 1.8333928 2.4025864 2.2965424 1.2181663 1.9463645 1.1350363 2.0286193 0.6259337 0.0000000 3.0435096 2.2354365 0.7041485 2.5276144 2.6233089 0.8390413 2.4259865 1.1291763 1.8955318 1.4230042 2.1795773 2.4517309 2.3481146 2.0197928 1.7182066 2.6847442 1.8229687 2.2927605 1.7618468 1.8461288 1.7568418 1.8404208 2.5906122 2.3107816 1.8379587 2.3339672 2.4863202 2.6658553 2.3860873 2.3206519 2.3967324 2.4058271 2.1519318 2.1519318 2.2883093 2.5617668 2.5187363 2.5878000 1.8965789 2.1113030 1.8493394 2.7375175 2.4393152 2.5120506 2.3103172 2.6494354 2.5808986 3.3905988 3.0095928 2.7500243 2.8183024 3.4754117 2.1702849 2.0408171 
AntAceMinimDraft_4_1070372.scaffolds.fasta_scaffold00827_26/1-512        2.3155113 2.5501461 2.1720396 2.4535072 2.3761698 2.1306585 2.6655902 1.5239701 1.6477823 1.8114691 1.6595282 2.6096040 1.8417322 1.8086997 2.3990494 2.8675062 2.6521878 1.6446338 2.3536288 1.9218865 2.7685708 2.0831319 0.7475241 2.1436069 1.4663829 2.5497934 2.3346739 2.2221738 2.8096533 2.1918885 2.8057714 2.2316473 2.9481504 3.0435096 0.0000000 2.2856702 2.7337446 1.6461680 2.4412358 3.3909875 1.3956660 2.5788531 2.9598132 2.6613448 2.2852009 2.4233044 1.7166627 2.6779904 2.4113490 1.5405856 2.3792270 3.0182881 2.7363897 3.2848000 2.1182386 2.4222593 1.6458892 2.5612386 2.2143216 2.3560015 2.3930200 2.4921020 2.5454425 2.4796080 2.5079954 2.4337008 2.5603520 2.5603520 2.5934385 2.5367045 2.6108568 2.5925026 2.1031565 2.3196565 2.3159620 2.4339515 2.6660344 1.5545624 2.5140707 2.7571379 2.7407529 2.7676719 3.3807985 2.7832744 2.8046225 3.2054693 2.3905002 2.4845239 
AntAceMinimDraft_4_1070372.scaffolds.fasta_scaffold00851_7/1-546         2.2988279 2.3374655 2.1089061 2.4614117 2.1284044 2.1294459 2.1794799 2.4719961 2.3765192 2.4748244 2.7504222 2.3929050 2.7917827 2.5480130 2.3627263 2.5246140 2.1287894 2.3273013 2.6563379 2.4205812 2.0989996 2.3466277 2.5595000 2.6101416 2.5600814 2.3793241 2.2951614 2.6780915 2.3347769 2.2847104 2.1661594 2.2074578 2.2274807 2.2354365 2.2856702 0.0000000 2.1766750 2.7951101 2.6932492 2.1938508 2.3050656 2.3203087 2.3594391 2.2193544 1.4863563 2.5687427 2.1459518 2.4021801 2.2615553 2.2851665 2.4461088 2.6136328 2.5191893 2.2662622 2.4436638 2.2808767 2.5469616 2.4285015 1.9804115 2.4153541 2.4926919 2.4102279 2.3440005 2.4636128 2.5843963 2.3763280 2.3730087 2.3730087 2.3287504 2.3897625 2.6476621 2.5929845 2.1531540 2.1361421 2.5301076 2.4978874 2.7183979 2.2172568 2.6417019 2.4402095 3.0725466 3.0675584 2.8264205 3.0361581 2.8638631 3.2797128 2.5592618 2.3992387 
AntAceMinimDraft_4_1070372.scaffolds.fasta_scaffold07707_5/1-480         2.3050093 2.4713488 2.4096861 2.3020537 2.3512565 2.1160784 1.5023517 2.3992707 2.4545311 2.5364232 2.6533616 1.4478361 2.8661941 2.5677313 1.9342076 1.4591297 1.4843262 2.4615244 2.6023560 2.7020381 0.8854908 2.6211901 2.8901243 2.7905056 2.5716351 1.7585627 2.5070064 2.1726156 1.3619995 1.9928142 1.3327417 1.9608880 0.4652444 0.7041485 2.7337446 2.1766750 0.0000000 2.2920189 2.8057271 0.9322027 2.3827314 1.3112576 1.7843323 1.5039093 2.2564622 2.4857532 2.2012643 2.0809129 1.8321807 2.8563879 2.0005633 2.6103422 1.7980385 2.0524100 1.7760702 2.1973951 2.6982137 2.3904864 2.0998546 2.4683652 2.4980075 2.6169985 2.3441047 2.2856580 2.5117149 2.5218881 2.2106197 2.2106197 2.2448598 2.6385511 2.5795479 2.6059807 2.0427981 2.2991640 1.9275654 2.7643209 2.3316259 2.4943773 2.4418450 2.6547412 2.5463315 3.5079430 3.3440309 3.0523176 3.0265499 3.5141706 2.3198392 2.2790241 
AntAceMinimDraft_4_1070372.scaffolds.fasta_scaffold10520_11/1-498        2.5435247 2.4627149 2.6916413 2.4282830 2.8593042 2.5980132 2.8874752 1.8364758 1.7576119 2.1822108 2.0113686 2.5692406 1.8902904 2.1056632 2.6575391 2.5897575 2.4255092 1.9045319 2.4678427 2.0271666 2.4350613 2.2482727 1.7251414 2.1107105 0.7845305 2.5504511 2.7254189 2.5927693 2.7024599 2.7328679 2.5879536 2.3332194 2.4003343 2.5276144 1.6461680 2.7951101 2.2920189 0.0000000 2.6285596 2.7610604 1.9104713 2.7251252 2.7123761 2.9671004 2.5505560 2.7574242 2.0641509 2.5877446 2.5983917 2.1854236 2.3131000 3.2002930 2.3757914 3.3018411 2.3896580 2.3154438 1.9978082 2.4054115 2.2310079 2.6455565 2.6882992 2.5899771 2.5997905 2.6127893 2.7233924 2.6137299 2.6472795 2.6472795 2.7329205 2.8572528 3.1026456 2.7912914 2.3317649 2.5413328 2.0473666 2.5118353 2.7161916 2.0950107 2.7640855 2.6056184 2.6822458 2.8324190 3.4776256 2.7036590 2.5562410 3.0250772 2.8033061 2.7508401 
AntAceMinimDraft_4_1070372.scaffolds.fasta_scaffold17623_2/1-535         2.7410028 2.4645104 2.0303801 2.2616756 2.0707660 2.8138930 2.7084806 2.6242348 2.6559681 2.9911197 2.7680385 2.5418930 2.8848502 2.6586409 2.6403207 2.7024177 2.7962388 2.6080831 0.4213122 2.6535531 2.5671994 1.9372231 2.7446265 2.9650591 2.6028298 2.4523635 1.7964226 2.7547501 2.7233752 2.5386994 2.6792696 2.0994563 2.7057268 2.6233089 2.4412358 2.6932492 2.8057271 2.6285596 0.0000000 2.7681672 2.4459997 3.4283788 2.4395864 2.5030005 2.9208042 2.7211566 2.5847398 2.5626170 2.3294759 2.7616343 2.3976925 2.6027867 2.6173932 2.8837302 2.2225313 2.0855019 2.6435502 2.3950653 2.5907022 2.8171320 2.5328999 2.6382052 2.6686960 2.7898822 2.8428587 2.4735085 2.6280756 2.6280756 2.4177083 2.6273736 2.6791456 2.5885667 2.3564097 2.3523527 1.8438335 2.5751489 2.9534562 2.4477668 2.8207013 2.9725708 3.1791927 2.8938873 3.0531350 2.9303876 2.6641058 3.1187974 2.8108317 3.0996472 
AntAceMinimDraft_4_1070372.scaffolds.fasta_scaffold18285_3/1-492         2.4967061 2.2313751 2.2400139 2.2783705 2.3227357 2.0526892 1.6606526 2.5490338 2.3682632 2.6830833 2.5899547 1.4477201 2.5973865 2.8196199 2.3054132 1.4784268 1.2856501 2.4980492 2.4997029 2.6177667 0.7883893 2.7024516 3.1476775 2.7194926 2.7084806 1.8105946 2.4118240 2.3328818 1.2850752 1.9216319 1.3573090 2.0398253 0.8503686 0.8390413 3.3909875 2.1938508 0.9322027 2.7610604 2.7681672 0.0000000 2.3869287 1.3061003 1.7729470 1.5407799 2.0935748 2.4464787 2.2708218 2.0379859 1.8272283 2.8973785 2.1893999 2.4662497 1.7762343 1.7582179 1.8655813 2.0688238 2.5876317 2.5088845 2.0738213 2.6042971 2.5235667 2.5669220 2.3274198 2.4767791 2.4244959 2.4102122 2.3810188 2.3810188 2.4468012 2.7591500 2.6399163 2.4869234 2.0896160 2.3463057 2.2517570 2.6872616 2.4907764 2.4548898 2.4778687 2.6976485 3.1379241 3.1432740 2.9818602 2.8880750 3.2093503 3.2288675 2.2345336 2.3279585 
AntAceMinimDraft_4_1070372.scaffolds.fasta_scaffold28048_2/1-508         2.3830781 2.7591826 2.5443948 2.5027267 2.3912681 2.3886883 2.4646854 1.7276926 1.2246004 2.0184249 1.8374044 2.3574506 1.9436219 1.8751878 2.6688218 2.6085160 2.3368597 1.6520540 2.4896036 2.0429612 2.4819533 2.2512945 1.6049306 2.1622384 1.6172995 2.4986484 2.3633239 2.3102484 2.4036131 2.3942914 2.3926449 2.2333787 2.4567550 2.4259865 1.3956660 2.3050656 2.3827314 1.9104713 2.4459997 2.3869287 0.0000000 2.5823846 2.4330383 2.6341435 2.3460723 2.5673030 1.4877833 2.3083440 2.2322537 1.2307227 2.5959220 2.6530603 2.4259669 2.7525855 2.4297262 2.2833257 1.7550816 2.2251827 2.2966293 2.3433775 2.5107617 2.5567319 2.5133639 2.4554369 2.8650351 2.4661936 2.4899131 2.4899131 2.5287122 2.6200509 2.5349280 2.5241945 2.3129042 2.5736802 2.2406859 2.5646076 2.4920534 1.3585938 2.2741074 2.5877865 3.1162165 2.8142839 3.0902237 2.8027361 3.0377289 3.0382588 2.3344048 2.6473084 
